-43041.390120
-41913.338760
-43041.443040
-46057.053600
-45267.463440
-46055.682000
-49052.437920
-47774.451240
-49052.596680
-49052.437920
-42880.112100
-42796.692900
-42743.081700
-42885.593100
-42725.909700
-42600.532500
-43360.344900
-43387.717500
-43569.376200
-43557.941700
-43347.538800
-43581.963600
-43980.980400
-44126.515800
-43889.871600
-44224.658100
-44402.396400
-44658.918000
-44436.132900
-44536.046400
-44644.991400
-45017.135100
-45528.804000
-45454.140900
-45549.232200
-45944.409600
-46129.373100
-46187.091000
-46564.480800
-46674.657000
-46719.990000
-46777.905000
-47221.050600
-47279.197800
-47272.399200
-48023.142300
-48023.142300
-47860.254000
-47520.124200
-48236.064300
-42631.857900
-42833.907000
-42972.681600
-43133.010300
-43771.704750
-43739.701650
-43767.490050
-43321.606650
-43446.852900
-43719.288300
-43719.150600
-44210.203650
-44224.443450
-44069.749650
-44086.565250
-44460.748800
-44478.448650
-44732.271600
-44807.617800
-44985.620700
-45125.340300
-45569.470050
-45375.523650
-45866.845350
-45622.260450
-45740.934900
-45964.162800
-46230.184350
-46078.158150
-46307.597400
-46399.891500
-46831.687650
-46782.967500
-46500.874200
-47181.668400
-46966.537800
-47659.491450
-47663.132400
-47574.822150
-47512.269900
-48000.095100
-47985.066900
-42827.444100
-42346.017900
-42253.777800
-42881.958000
-42921.222300
-42760.009800
-43050.494700
-43224.838200
-43088.911200
-43494.482700
-43346.060100
-43350.215400
-43699.879800
-43656.877800
-43556.825700
-43811.029800
-43928.121600
-43799.432400
-44088.697800
-44110.451700
-43793.592300
-44323.307100
-44329.608900
-44321.662800
-44139.192300
-44479.076400
-44572.866300
-44551.163700
-44693.934300
-44794.494000
-44656.252200
-44971.197300
-44962.119900
-44923.181400
-45183.351600
-45169.092900
-45072.448200
-45497.592000
-45415.039500
-45216.957600
-45875.931300
-45603.493200
-45616.975200
-45602.802000
-45891.610200
-45758.077200
-45597.589200
-46025.505000
-46095.394500
-45926.460900
-46282.014900
-46250.165700
-46093.765500
-46506.082500
-46495.338300
-46307.318400
-46633.110300
-46621.134900
-46702.867500
-46912.514400
-46858.593600
-46956.830400
-47092.598100
-46924.866000
-47138.367600
-47326.692600
-47249.429400
-47362.297500
-47353.104900
-47424.510000
-47613.914100
-47825.544600
-47666.690100
-47799.033300
-48027.031200
-47739.373200
-48027.031200
-43336.222800
-42514.443900
-42699.298500
-42725.455200
-42938.344800
-43085.450700
-43175.242800
-43101.020700
-43313.097600
-43281.994500
-44017.299000
-43912.318500
-44002.250100
-43477.192800
-43654.327200
-43572.676500
-43808.085000
-44490.722400
-43851.797100
-44013.428100
-44020.735200
-44115.649200
-45063.001800
-44467.361100
-44690.400900
-44690.400900
-44861.327100
-44551.612800
-45025.278300
-44527.228200
-44632.755900
-44848.161900
-44970.513300
-44961.232500
-45281.430000
-45222.293700
-45310.219200
-45327.112200
-45684.175500
-45612.920700
-45879.618600
-45763.516800
-45920.298600
-46074.764700
-46099.895400
-46497.804300
-46405.802700
-46429.018200
-46432.567800
-46740.753000
-46681.229700
-46711.631700
-46897.477200
-46951.396200
-47280.681900
-47113.043400
-47485.304100
-47397.973500
-47534.960700
-47547.050400
-48003.344100
-42765.273000
-42301.632000
-42614.950200
-42495.445200
-42672.821400
-42962.905800
-42941.947200
-42931.369800
-42993.749400
-41500.907400
-43023.286800
-43043.083200
-42979.366200
-42998.505000
-42737.941800
-42881.413200
-42723.862800
-42841.925400
-42743.729400
-41871.673200
-43142.847600
-43060.003200
-43114.326600
-43036.914000
-43191.291000
-43168.033200
-43175.740200
-42965.230800
-42922.922400
-42896.807400
-43100.864400
-42920.969400
-43324.674600
-43267.565400
-43273.031400
-43304.038800
-43366.160400
-43309.841400
-43318.432200
-43274.681400
-43371.711600
-43335.205200
-43049.935800
-43134.997200
-43083.009000
-43279.237800
-43093.594800
-43256.971800
-43060.946400
-43460.599200
-43437.713400
-43538.182200
-43519.897200
-43493.622600
-43477.600200
-43423.956600
-43197.370800
-43180.879800
-43285.632000
-43471.587000
-43246.113600
-43347.583200
-43182.206400
-43566.585000
-43660.920600
-43668.253200
-43700.139600
-43385.827200
-43373.040600
-43273.920000
-43579.280400
-43500.116400
-43494.270000
-43337.443200
-43472.004600
-43579.332600
-43485.438000
-43644.843000
-43545.603000
-43586.508000
-43915.884600
-43362.913800
-43963.366800
-43943.651400
-43980.000600
-44046.673200
-43861.620600
-43927.456800
-44033.190000
-44024.551800
-44049.593400
-43970.959800
-44017.803000
-43979.739000
-44043.718800
-43613.909400
-43746.394800
-43686.359400
-43709.619000
-43767.471000
-43851.628200
-43699.051200
-44194.857600
-44216.220000
-43815.147000
-43790.742600
-43953.146400
-43883.076000
-43901.422800
-43693.875000
-44388.878400
-44158.678800
-44365.585200
-43950.850800
-43908.089400
-44203.713000
-44119.854000
-43977.148200
-44473.246200
-44540.009400
-44572.450800
-44168.379000
-44205.126600
-44140.045200
-44268.855600
-44118.271200
-44730.989400
-44769.153600
-44686.453200
-44699.047800
-44738.914800
-44661.775800
-44690.952000
-44725.114200
-44686.093800
-44397.470400
-44052.022200
-44349.388800
-44938.431000
-44934.799800
-44493.956400
-44140.345800
-44642.860200
-44468.551200
-45091.499400
-44890.497000
-45001.267800
-44905.904400
-45072.265800
-45035.473800
-45078.845400
-45090.909000
-45097.922400
-45061.018800
-45038.402400
-45033.735600
-44597.158200
-44305.225800
-44563.182000
-45233.957400
-45258.040800
-45275.338200
-44825.075400
-44461.938600
-44839.122600
-45402.842400
-45452.473800
-45387.321000
-45366.113400
-45411.876600
-45377.196600
-45385.323000
-44929.827000
-44524.266000
-44970.252600
-45609.114000
-45598.605000
-45041.821200
-44777.088000
-45024.300600
-45672.214200
-45507.006600
-45792.110400
-45225.397800
-44893.884000
-45221.337600
-45912.288000
-45386.547600
-45056.571000
-45369.720000
-46127.491200
-46038.684600
-46082.536200
-46099.497000
-46098.826200
-46045.921200
-45689.556600
-45266.027400
-45680.278800
-46263.244800
-45914.862600
-45411.115800
-45890.931000
-46379.229600
-45919.639800
-45545.289000
-45922.490400
-46513.740600
-46471.428000
-46218.726600
-45703.309200
-45966.934200
-46616.856000
-46097.866800
-45733.461600
-46094.957400
-46703.484000
-46235.311200
-45877.371000
-46285.687800
-46767.952200
-47083.206600
-47008.537800
-46039.204800
-46387.975800
-47070.312000
-46161.140400
-46511.594400
-47204.620800
-47307.036600
-47359.847400
-46658.169600
-46311.213000
-46640.923800
-47533.218600
-46429.931400
-46821.606000
-47716.629600
-46886.026200
-46800.046200
-46926.807000
-46977.157800
-46890.888000
-47005.981800
-48006.070200
-48010.437600
-48029.267400
-47154.346800
-46806.124200
-47158.836600
-46841.722800
-47260.831200
-48310.408200
-47044.431600
-47452.024200
-48540.605400
-47276.946600
-47831.820000
-48709.597800
-48659.732400
-48640.246800
-47689.198800
-47311.348200
-48880.542000
-48111.772200
-47354.569200
-47050.450800
-49052.069400
-43337.692000
-43663.440000
-43885.908540
-43953.383160
-44268.759900
-44227.467180
-44107.785900
-44218.741860
-44317.144980
