1129.744440
1.640160
-9.213660
780.376500
-7.842060
1278.145440
0.000000
0.158760
162.971100
246.390300
300.001500
157.490100
317.173500
442.550700
433.927485
406.554885
224.896185
236.330685
446.733585
212.308785
564.481170
418.945770
655.589970
143.065170
637.732755
860.517855
760.604355
651.659355
1030.704840
519.035940
593.699040
498.607740
854.619525
669.656025
611.938125
985.737510
875.561310
772.313310
1080.356895
1022.209695
1029.008295
1192.342680
1532.472480
816.532380
411.225300
209.176200
445.996192
285.667492
22.567635
54.570735
26.782335
472.665735
347.419485
450.578678
450.716378
335.257920
475.711920
458.896320
460.307362
442.607513
564.379155
489.032955
686.624648
546.905048
478.369890
672.316290
180.994590
425.579490
682.499633
459.271733
568.844775
720.870975
867.026317
774.732218
718.530660
767.250810
1049.344110
744.144503
959.275103
641.916045
638.275095
1102.179938
1164.732188
1052.501580
1067.529780
215.639100
697.065300
789.305400
411.521595
372.257295
533.469795
493.381290
319.037790
454.964790
299.789685
448.212285
444.056985
344.788980
387.790980
487.843080
484.035375
366.943575
495.632775
456.763770
435.009870
751.869270
222.154470
466.249065
474.195165
656.665665
567.177960
473.388060
495.090660
602.716455
502.156755
640.398555
575.849850
584.927250
623.865750
614.091945
628.350645
724.995345
550.247940
632.800440
830.882340
171.908640
694.743135
681.261135
695.434335
657.022530
790.555530
951.043530
773.524125
703.634625
872.568225
767.410620
799.259820
955.660020
793.739415
804.483615
992.503515
917.108010
929.083410
847.350810
888.100305
942.021105
843.784305
958.413000
1126.145100
912.643500
974.714895
1051.978095
939.109995
1198.698990
1127.293890
937.889790
976.655685
1135.510185
1003.166985
1313.223480
1025.565480
207.653190
528.639300
343.784700
568.024395
355.134795
458.425290
368.633190
442.855290
481.174785
512.277885
27.369780
42.418680
567.475980
390.341580
722.388675
486.980175
54.739170
693.664470
532.033470
775.122765
680.208765
-16.747440
578.893260
355.853460
355.853460
184.927260
494.641560
20.976060
769.422555
663.894855
698.885250
576.533850
836.211045
516.013545
825.546240
737.620740
971.124135
614.060835
935.712030
669.014130
1035.512325
878.730525
974.660820
949.530120
551.621220
894.019215
870.803715
1117.650510
809.465310
1119.385005
1088.983005
1153.533900
1099.614900
1020.725595
1188.364095
1066.499790
1153.830390
1267.239585
1255.149885
1049.252580
277.810200
741.451200
428.133000
547.638000
370.261800
80.177400
101.136000
111.713400
49.333800
1542.175800
19.796400
0.000000
63.717000
44.578200
472.072330
328.600930
486.151330
368.088730
466.284730
1338.340930
67.166530
150.010930
95.687530
173.100130
18.723130
41.980930
34.273930
411.714260
454.022660
480.137660
276.080660
455.975660
52.270460
109.379660
103.913660
72.906260
10.784660
67.103660
5.233460
41.739860
493.940190
408.878790
460.866990
264.638190
450.281190
286.904190
482.929590
83.276790
5.693790
23.978790
50.253390
66.275790
119.919390
513.436120
529.927120
425.174920
239.219920
464.693320
363.223720
528.600520
144.221920
49.886320
42.553720
10.667320
491.910650
504.697250
603.817850
298.457450
377.621450
383.467850
540.294650
572.664180
465.336180
559.230780
399.825780
499.065780
458.160780
128.784180
681.754980
81.301980
101.017380
64.668180
-2.004420
183.048180
117.211980
11.478780
20.116980
-4.924620
73.708980
26.865780
64.929780
0.949980
597.690310
465.204910
525.240310
501.980710
444.128710
359.971510
512.548510
16.742110
-4.620290
563.383640
587.788040
425.384240
495.454640
477.107840
684.655640
-10.347760
219.851840
12.945440
594.610770
637.372170
341.748570
425.607570
568.313370
72.215370
5.452170
-26.989230
544.013500
507.265900
572.347300
443.536900
594.121300
-18.596900
-56.761100
25.939300
13.344700
-26.522300
50.616700
21.440500
-12.721700
26.298700
481.853030
827.301230
529.934630
-59.107570
-55.476370
552.297960
905.908560
577.703160
-45.245040
155.757360
44.986560
140.349960
-26.011440
10.780560
-32.591040
-44.654640
-51.668040
-14.764440
7.851960
12.518760
616.027090
907.959490
650.003290
-20.772110
-44.855510
-62.152910
555.040820
918.177620
540.993620
-22.726180
-72.357580
-7.204780
14.002820
-31.760380
2.919620
-5.206780
617.220150
1022.781150
576.794550
-62.066850
-51.557850
672.156880
936.890080
689.677480
41.763880
206.971480
-78.132320
655.511210
987.025010
659.571410
-31.378990
661.292340
991.268940
678.119940
-79.651260
9.155340
-34.696260
-51.657060
-50.986260
1.918740
525.214270
948.743470
534.492070
-48.473930
466.839200
970.586000
490.770800
2.472200
628.992930
1003.343730
626.142330
34.892130
77.204730
496.837060
1012.254460
748.629460
98.707660
784.627790
1149.032990
787.537190
179.010590
814.114320
1172.054520
763.737720
281.473320
-33.781080
40.887720
1177.151650
828.380650
146.044450
1222.146980
871.692980
178.666580
76.250780
23.439980
892.048710
1239.005310
909.294510
16.999710
1287.217840
895.543240
0.519640
998.053970
1084.033970
957.273170
1073.853300
1160.123100
1045.029300
44.940900
40.573500
21.743700
1063.595230
1411.817830
1059.105430
1543.150160
1124.041760
74.464760
1507.372290
1099.779690
11.198490
1441.788220
886.914820
9.137020
59.002420
78.488020
1196.466950
1574.317550
5.123750
940.824480
1698.027480
2002.145880
39.253060
47.366920
58.601682
-8.872938
-23.774004
17.518716
137.199996
26.244036
228.316590
