0
0
1080
1080
1080
2160
2160
2160
0
0
0
0
0
0
270
270
270
270
270
270
540
540
540
540
810
810
810
810
1080
1080
1080
1080
1350
1350
1350
1620
1620
1620
1890
1890
1890
2160
2160
2160
0
0
135
135
270
270
270
270
270
405
405
540
540
540
675
675
810
810
945
945
1080
1080
1080
1080
1215
1215
1350
1350
1485
1485
1620
1620
1620
1755
1755
1890
1890
2025
2025
2160
2160
0
0
0
90
90
90
180
180
180
270
270
270
360
360
360
450
450
450
540
540
540
540
630
630
630
720
720
720
810
810
810
900
900
900
990
990
990
1080
1080
1080
1080
1170
1170
1170
1260
1260
1260
1350
1350
1350
1440
1440
1440
1530
1530
1530
1620
1620
1620
1710
1710
1710
1800
1800
1800
1890
1890
1890
1980
1980
1980
2070
2070
2070
2160
2160
180
0
0
90
90
180
180
180
270
270
360
360
360
360
450
450
540
540
540
630
630
720
720
720
720
720
720
720
810
810
900
900
990
990
1080
1080
1170
1170
1260
1260
1350
1350
1440
1440
1440
1530
1530
1620
1620
1710
1710
1800
1800
1890
1890
1980
1980
2070
2070
2160
0
0
0
0
0
0
0
0
0
0
0
0
0
0
60
60
60
60
60
60
60
60
60
60
60
60
60
120
120
120
120
120
120
120
120
120
120
120
120
120
180
180
180
180
180
180
180
180
180
180
180
180
180
240
240
240
240
240
240
240
240
240
240
240
300
300
300
300
300
300
300
360
360
360
360
360
360
360
360
360
360
360
360
360
360
360
360
360
360
360
360
360
420
420
420
420
420
420
420
420
420
480
480
480
480
480
480
480
480
480
540
540
540
540
540
540
540
540
600
600
600
600
600
600
600
600
600
600
600
600
600
600
660
660
660
660
660
720
720
720
720
720
720
720
720
720
720
720
720
720
720
720
780
780
780
780
780
780
840
840
840
840
840
840
840
840
840
840
900
900
900
900
900
960
960
960
960
960
960
1020
1020
1020
1020
1080
1080
1080
1080
1080
1080
1080
1080
1080
1140
1140
1140
1140
1200
1200
1200
1200
1260
1260
1260
1260
1260
1320
1320
1320
1320
1380
1380
1380
1380
1440
1440
1440
1440
1440
1440
1500
1500
1500
1560
1560
1560
1560
1560
1620
1620
1620
1620
1680
1680
1680
1740
1740
1740
1800
1800
1800
1800
1800
1800
1860
1860
1860
1920
1920
1920
1980
1980
1980
2040
2040
2040
2040
2040
2100
2100
2100
2160
2160
2160
120
240
324
324
432
432
432
432
540
