1.000000
540.000000
2805.922308
311.769145
3780.000000
-2430.000000
2805.922308
10530.000000
-1402.961154
0.000000
-1402.961154
-810.000000
-935.307436
25110.000000
0.000000
0.000000
0.000000
0.000000
1620.000000
16835.533850
0.000000
1870.614872
-6480.000000
0.000000
0.000000
0.000000
0.000000
1620.000000
16835.533850
0.000000
1870.614872
-6480.000000
810.000000
2338.268590
11070.000000
467.653718
270.000000
-2338.268590
270.000000
-467.653718
26730.000000
5670.000000
467.653718
11610.000000
3273.576026
1350.000000
-3273.576026
1890.000000
1402.961154
28350.000000
0.000000
0.000000
0.000000
0.000000
2160.000000
22447.378466
0.000000
2494.153163
-8640.000000
-0.000000
1870.614872
10800.000000
-0.000000
540.000000
-1870.614872
0.000000
-0.000000
25920.000000
0.000000
0.000000
0.000000
0.000000
3240.000000
33671.067699
0.000000
3741.229744
-12960.000000
-2430.000000
2805.922308
10530.000000
-1402.961154
0.000000
-1402.961154
-810.000000
-935.307436
25110.000000
0.000000
0.000000
0.000000
0.000000
0.000000
-2160.000000
4988.306326
28080.000000
0.000000
-2494.153163
2880.000000
37412.297443
0.000000
-2160.000000
0.000000
-32400.000000
0.000000
0.000000
0.000000
0.000000
0.000000
-1080.000000
2494.153163
14040.000000
0.000000
-1247.076581
1440.000000
18706.148722
0.000000
-1080.000000
0.000000
-16200.000000
0.000000
0.000000
7560.000000
28059.223083
0.000000
-360.000000
-623.538291
-5040.000000
0.000000
-415.692194
-840.000000
623.538291
0.000000
-360.000000
623.538291
103680.000000
-2430.000000
1870.614872
4590.000000
28059.223083
-1402.961154
-0.000000
987.268960
-5040.000000
-810.000000
-623.538291
-390.000000
623.538291
-467.653718
-720.000000
-779.422863
103680.000000
0.000000
0.000000
0.000000
0.000000
0.000000
-1440.000000
3325.537551
18720.000000
0.000000
-1662.768775
1920.000000
24941.531629
0.000000
-1440.000000
0.000000
-21600.000000
-2430.000000
-2338.268590
13230.000000
54715.485011
-1402.961154
-990.000000
-259.807621
-8370.000000
-810.000000
-363.730670
-1350.000000
-467.653718
-467.653718
-90.000000
467.653718
208170.000000
0.000000
0.000000
0.000000
0.000000
0.000000
-2160.000000
4988.306326
28080.000000
0.000000
-2494.153163
2880.000000
37412.297443
0.000000
-2160.000000
0.000000
-32400.000000
0.000000
-2805.922308
3240.000000
8417.766925
0.000000
-540.000000
-623.538291
-540.000000
0.000000
311.769145
-360.000000
-935.307436
0.000000
540.000000
623.538291
35100.000000
0.000000
0.000000
0.000000
0.000000
0.000000
-2160.000000
4988.306326
28080.000000
0.000000
-2494.153163
2880.000000
37412.297443
0.000000
-2160.000000
0.000000
-32400.000000
0.000000
0.000000
0.000000
0.000000
0.000000
-1080.000000
2494.153163
14040.000000
0.000000
-1247.076581
1440.000000
18706.148722
0.000000
-1080.000000
0.000000
-16200.000000
0.000000
-4208.883462
4860.000000
12626.650387
0.000000
-810.000000
-935.307436
-810.000000
0.000000
467.653718
-540.000000
-1402.961154
0.000000
810.000000
935.307436
52650.000000
-4860.000000
3741.229744
9180.000000
56118.446165
-2805.922308
-0.000000
1974.537921
-10080.000000
-1620.000000
-1247.076581
-780.000000
1247.076581
-935.307436
-1440.000000
-1558.845727
207360.000000
0.000000
0.000000
0.000000
0.000000
0.000000
-1440.000000
3325.537551
18720.000000
0.000000
-1662.768775
1920.000000
24941.531629
0.000000
-1440.000000
0.000000
-21600.000000
0.000000
0.000000
0.000000
0.000000
0.000000
360.000000
2078.460969
14760.000000
0.000000
415.692194
1920.000000
16211.995559
0.000000
360.000000
1247.076581
-9720.000000
0.000000
0.000000
0.000000
0.000000
0.000000
2520.000000
415.692194
15480.000000
0.000000
2909.845357
3840.000000
13717.842396
0.000000
2520.000000
6235.382907
-3240.000000
0.000000
0.000000
0.000000
0.000000
0.000000
720.000000
4156.921938
29520.000000
0.000000
831.384388
3840.000000
32423.991118
0.000000
720.000000
2494.153163
-19440.000000
0.000000
0.000000
0.000000
0.000000
0.000000
5040.000000
831.384388
30960.000000
0.000000
5819.690713
7680.000000
27435.684792
0.000000
5040.000000
12470.765814
-6480.000000
0.000000
0.000000
0.000000
0.000000
0.000000
-0.000000
1662.768775
14400.000000
0.000000
-0.000000
2400.000000
17459.072140
0.000000
0.000000
2494.153163
-12960.000000
0.000000
0.000000
0.000000
0.000000
0.000000
-1080.000000
2494.153163
14040.000000
0.000000
-1247.076581
1440.000000
18706.148722
0.000000
-1080.000000
0.000000
-16200.000000
0.000000
0.000000
0.000000
0.000000
0.000000
360.000000
2078.460969
14760.000000
0.000000
415.692194
1920.000000
16211.995559
0.000000
360.000000
1247.076581
-9720.000000
0.000000
0.000000
0.000000
0.000000
0.000000
5040.000000
831.384388
30960.000000
0.000000
5819.690713
7680.000000
27435.684792
0.000000
5040.000000
12470.765814
-6480.000000
0.000000
0.000000
0.000000
0.000000
0.000000
3240.000000
415.692194
20520.000000
0.000000
3741.229744
5280.000000
18706.148722
0.000000
3240.000000
8729.536070
-5400.000000
0.000000
0.000000
0.000000
0.000000
0.000000
-0.000000
3325.537551
28800.000000
0.000000
-0.000000
4800.000000
34918.144281
0.000000
0.000000
4988.306326
-25920.000000
0.000000
0.000000
0.000000
0.000000
0.000000
0.000000
831.384388
7200.000000
0.000000
0.000000
1200.000000
8729.536070
0.000000
0.000000
1247.076581
-6480.000000
0.000000
0.000000
0.000000
0.000000
0.000000
-2160.000000
4988.306326
28080.000000
0.000000
-2494.153163
2880.000000
37412.297443
0.000000
-2160.000000
0.000000
-32400.000000
0.000000
0.000000
0.000000
0.000000
0.000000
-1440.000000
3325.537551
18720.000000
0.000000
-1662.768775
1920.000000
24941.531629
0.000000
-1440.000000
0.000000
-21600.000000
3645.000000
5378.017758
2835.000000
30163.664814
2104.441731
1845.000000
1428.941916
-7605.000000
1215.000000
337.749907
465.000000
3195.633740
701.480577
-225.000000
-77.942286
102465.000000
0.000000
0.000000
0.000000
0.000000
0.000000
1440.000000
2494.153163
20160.000000
0.000000
1662.768775
2880.000000
19953.225303
0.000000
1440.000000
2494.153163
-8640.000000
0.000000
0.000000
0.000000
0.000000
0.000000
360.000000
2078.460969
14760.000000
0.000000
415.692194
1920.000000
16211.995559
0.000000
360.000000
1247.076581
-9720.000000
4860.000000
3741.229744
-540.000000
11223.689233
2805.922308
1800.000000
935.307436
-3960.000000
1620.000000
831.384388
780.000000
2494.153163
935.307436
360.000000
311.769145
33480.000000
0.000000
0.000000
0.000000
0.000000
0.000000
3240.000000
415.692194
20520.000000
0.000000
3741.229744
5280.000000
18706.148722
0.000000
3240.000000
8729.536070
-5400.000000
0.000000
0.000000
0.000000
0.000000
0.000000
-360.000000
831.384388
4680.000000
0.000000
-415.692194
480.000000
6235.382907
0.000000
-360.000000
0.000000
-5400.000000
0.000000
0.000000
0.000000
0.000000
0.000000
-1440.000000
3325.537551
18720.000000
0.000000
-1662.768775
1920.000000
24941.531629
0.000000
-1440.000000
0.000000
-21600.000000
0.000000
0.000000
0.000000
0.000000
0.000000
720.000000
1662.768775
19440.000000
0.000000
831.384388
3840.000000
22447.378466
0.000000
720.000000
4988.306326
-15120.000000
0.000000
0.000000
0.000000
0.000000
0.000000
-720.000000
1662.768775
9360.000000
0.000000
-831.384388
960.000000
12470.765814
0.000000
-720.000000
0.000000
-10800.000000
-2430.000000
-2338.268590
5670.000000
26656.261928
-1402.961154
-630.000000
363.730670
-3330.000000
-810.000000
51.961524
-510.000000
-1091.192009
-467.653718
270.000000
-155.884573
104490.000000
0.000000
0.000000
0.000000
0.000000
0.000000
-1080.000000
2494.153163
14040.000000
0.000000
-1247.076581
1440.000000
18706.148722
0.000000
-1080.000000
0.000000
-16200.000000
0.000000
-2805.922308
3240.000000
8417.766925
0.000000
-540.000000
-623.538291
-540.000000
0.000000
311.769145
-360.000000
-935.307436
0.000000
540.000000
623.538291
35100.000000
