1129.74444000
1.64016000
-9.21366000
780.37650000
-7.84206000
1278.14544000
0.00000000
162.97110000
246.39030000
300.00150000
157.49010000
317.17350000
442.55070000
433.92748500
406.55488500
224.89618500
236.33068500
446.73358500
212.30878500
564.48117000
418.94577000
655.58997000
143.06517000
637.73275500
860.51785500
760.60435500
651.65935500
1030.70484000
519.03594000
593.69904000
498.60774000
854.61952500
669.65602500
611.93812500
985.73751000
875.56131000
772.31331000
1080.35689500
1022.20969500
1029.00829500
1192.34268000
1532.47248000
816.53238000
411.22530000
209.17620000
445.99619250
285.66749250
22.56763500
54.57073500
26.78233500
472.66573500
347.41948500
450.57867750
450.71637750
335.25792000
475.71192000
458.89632000
460.30736250
442.60751250
564.37915500
489.03295500
686.62464750
546.90504750
478.36989000
672.31629000
180.99459000
425.57949000
682.49963250
459.27173250
568.84477500
720.87097500
867.02631750
774.73221750
718.53066000
767.25081000
1049.34411000
744.14450250
959.27510250
641.91604500
638.27509500
1102.17993750
1164.73218750
1052.50158000
1067.52978000
215.63910000
697.06530000
789.30540000
411.52159500
372.25729500
533.46979500
493.38129000
319.03779000
454.96479000
299.78968500
448.21228500
444.05698500
344.78898000
387.79098000
487.84308000
484.03537500
366.94357500
495.63277500
456.76377000
435.00987000
751.86927000
222.15447000
466.24906500
474.19516500
656.66566500
567.17796000
473.38806000
495.09066000
602.71645500
502.15675500
640.39855500
575.84985000
584.92725000
623.86575000
614.09194500
628.35064500
724.99534500
550.24794000
632.80044000
830.88234000
171.90864000
694.74313500
681.26113500
695.43433500
657.02253000
790.55553000
951.04353000
773.52412500
703.63462500
872.56822500
767.41062000
799.25982000
955.66002000
793.73941500
804.48361500
992.50351500
917.10801000
929.08341000
847.35081000
888.10030500
942.02110500
843.78430500
958.41300000
1126.14510000
912.64350000
974.71489500
1051.97809500
939.10999500
1198.69899000
1127.29389000
937.88979000
976.65568500
1135.51018500
1003.16698500
1313.22348000
207.65319000
528.63930000
343.78470000
568.02439500
355.13479500
458.42529000
368.63319000
442.85529000
481.17478500
512.27788500
27.36978000
42.41868000
567.47598000
390.34158000
722.38867500
486.98017500
54.73917000
693.66447000
532.03347000
775.12276500
680.20876500
-16.74744000
578.89326000
355.85346000
355.85346000
184.92726000
494.64156000
20.97606000
769.42255500
663.89485500
698.88525000
576.53385000
836.21104500
516.01354500
825.54624000
737.62074000
971.12413500
614.06083500
935.71203000
669.01413000
1035.51232500
878.73052500
974.66082000
949.53012000
551.62122000
894.01921500
870.80371500
1117.65051000
809.46531000
1119.38500500
1088.98300500
1153.53390000
1099.61490000
1020.72559500
1188.36409500
1066.49979000
1153.83039000
1267.23958500
1255.14988500
1049.25258000
277.81020000
741.45120000
428.13300000
547.63800000
370.26180000
80.17740000
101.13600000
111.71340000
49.33380000
1542.17580000
19.79640000
0.00000000
63.71700000
44.57820000
472.07233000
328.60093000
486.15133000
368.08873000
466.28473000
1338.34093000
67.16653000
150.01093000
95.68753000
173.10013000
18.72313000
41.98093000
34.27393000
411.71426000
454.02266000
480.13766000
276.08066000
455.97566000
52.27046000
109.37966000
103.91366000
72.90626000
10.78466000
67.10366000
5.23346000
41.73986000
493.94019000
408.87879000
460.86699000
264.63819000
450.28119000
286.90419000
482.92959000
83.27679000
5.69379000
23.97879000
50.25339000
66.27579000
119.91939000
513.43612000
529.92712000
425.17492000
239.21992000
464.69332000
363.22372000
528.60052000
144.22192000
49.88632000
42.55372000
10.66732000
491.91065000
504.69725000
603.81785000
298.45745000
377.62145000
383.46785000
540.29465000
572.66418000
465.33618000
559.23078000
399.82578000
499.06578000
458.16078000
128.78418000
681.75498000
81.30198000
101.01738000
64.66818000
-2.00442000
183.04818000
117.21198000
11.47878000
20.11698000
-4.92462000
73.70898000
26.86578000
64.92978000
0.94998000
597.69031000
465.20491000
525.24031000
501.98071000
444.12871000
359.97151000
512.54851000
16.74211000
-4.62029000
563.38364000
587.78804000
425.38424000
495.45464000
477.10784000
684.65564000
-10.34776000
219.85184000
12.94544000
594.61077000
637.37217000
341.74857000
425.60757000
568.31337000
72.21537000
5.45217000
-26.98923000
544.01350000
507.26590000
572.34730000
443.53690000
594.12130000
-18.59690000
-56.76110000
25.93930000
13.34470000
-26.52230000
50.61670000
21.44050000
-12.72170000
26.29870000
481.85303000
827.30123000
529.93463000
-59.10757000
-55.47637000
552.29796000
905.90856000
577.70316000
-45.24504000
155.75736000
44.98656000
140.34996000
-26.01144000
10.78056000
-32.59104000
-44.65464000
-51.66804000
-14.76444000
7.85196000
12.51876000
616.02709000
907.95949000
650.00329000
-20.77211000
-44.85551000
-62.15291000
555.04082000
918.17762000
540.99362000
-22.72618000
-72.35758000
-7.20478000
14.00282000
-31.76038000
2.91962000
-5.20678000
617.22015000
1022.78115000
576.79455000
-62.06685000
-51.55785000
672.15688000
936.89008000
689.67748000
41.76388000
206.97148000
-78.13232000
655.51121000
987.02501000
659.57141000
-31.37899000
661.29234000
991.26894000
678.11994000
-79.65126000
9.15534000
-34.69626000
-51.65706000
-50.98626000
1.91874000
525.21427000
948.74347000
534.49207000
-48.47393000
466.83920000
970.58600000
490.77080000
2.47220000
628.99293000
1003.34373000
626.14233000
34.89213000
77.20473000
496.83706000
1012.25446000
748.62946000
98.70766000
784.62779000
1149.03299000
787.53719000
179.01059000
814.11432000
1172.05452000
763.73772000
281.47332000
-33.78108000
40.88772000
1177.15165000
828.38065000
146.04445000
1222.14698000
871.69298000
178.66658000
76.25078000
23.43998000
892.04871000
1239.00531000
909.29451000
16.99971000
1287.21784000
895.54324000
0.51964000
998.05397000
1084.03397000
957.27317000
1073.85330000
1160.12310000
1045.02930000
44.94090000
40.57350000
21.74370000
1063.59523000
1411.81783000
1059.10543000
1543.15016000
1124.04176000
74.46476000
1507.37229000
1099.77969000
11.19849000
1441.78822000
886.91482000
9.13702000
59.00242000
78.48802000
1196.46695000
1574.31755000
5.12375000
940.82448000
1698.02748000
2002.14588000
39.25306000
47.36692000
58.60168200
-8.87293800
-23.77400400
17.51871600
137.19999600
26.24403600
228.31659000
